,Number_Maxima,Average_Distance_Percentile_90,Max-Min_Steps,Normalized_MinMax_Fit_Diff,Autocorrelation_step_size_1,Autocorrelation_step_size_2,Autocorrelation_step_size_3,Type
0,60,2.8640776699029127,10,4.671142530602128,0.42511373597021357,0.36294267733381097,0.30761427512348744,1
1,63,2.9611650485436893,10,4.674030177198302,0.5123452304656494,0.4659443966972951,0.37464685997732355,1
2,57,2.9223300970873787,10,4.672363287231223,0.4708553748866186,0.4176901972771847,0.2893008354330015,1
3,57,2.8640776699029127,10,4.52439758894844,0.4566001535124798,0.4079102933851129,0.2695697244704959,1
4,55,2.854368932038835,10,4.670650249271962,0.40695404579247246,0.34579603959430144,0.2762342349163543,1
5,63,2.9223300970873787,10,4.6390078853087795,0.4666631297794395,0.41473444217575733,0.2790586794007323,1
6,60,2.9320388349514563,10,4.629740402965555,0.35370982302884596,0.341216633764575,0.2273827359630561,1
7,55,2.912621359223301,10,4.628974167289081,0.4555888071095183,0.4004297197827964,0.3029422821021755,1
8,60,2.8640776699029127,10,4.751675278901628,0.43226184345678575,0.37462420333516466,0.27422749203639574,1
9,54,2.9223300970873787,10,4.734952132862346,0.4373292459430748,0.40213157969420277,0.2869031857036376,1
10,42,2.650485436893204,10,5.257545846235965,0.5238854053773775,0.4813592458452525,0.37785502906833096,1
11,40,2.650485436893204,10,5.298203435572702,0.5109568589998559,0.4648179068727052,0.3654070592482358,1
12,40,2.6310679611650487,10,5.122043498561502,0.6088316624406391,0.5017896081292251,0.40578956451107856,1
13,43,2.7184466019417477,10,5.4281006020146965,0.5502201592312808,0.460122577197451,0.3015881151943304,1
14,43,2.7766990291262137,10,5.346930863241485,0.5275114998876277,0.45051163867573535,0.32448147050399234,1
15,49,2.70873786407767,10,5.409055488885949,0.5699316926146609,0.49427831805910105,0.3726103514431978,1
16,49,2.7184466019417477,10,5.41717241854501,0.6168974958528872,0.507580477613349,0.407830864145043,1
17,40,2.650485436893204,10,5.270088751666935,0.5839431713668597,0.46437448199128983,0.377599713046321,1
18,40,2.7766990291262137,10,5.348780994126136,0.5248294692451461,0.4546421827374089,0.3816916174906029,1
19,43,2.6407766990291264,10,5.200068546288799,0.6043685856070425,0.516245805733629,0.3706371107960974,1
20,28,2.5436893203883497,10,5.550741845064474,0.595189673991217,0.49780147696440574,0.354298005819218,1
21,28,2.5825242718446604,10,5.6480204346575436,0.5936455678011262,0.488084088094509,0.3559725749451646,1
22,37,2.533980582524272,10,5.725077519887224,0.6758192813472262,0.5710715983774879,0.46387544908998257,1
23,20,2.6116504854368934,10,5.4849186219282835,0.5709771747916057,0.46427827613165373,0.3065459380676543,1
24,21,2.495145631067961,10,5.515679341985621,0.6149625078653451,0.49956926007835967,0.3813811010122337,1
25,35,2.5242718446601944,10,5.559328436517963,0.6172809832352683,0.5367977387256487,0.428029465262877,1
26,21,2.5533980582524274,10,5.576907353157509,0.7046501895982207,0.6036778779247726,0.4789203022951878,1
27,22,2.5436893203883497,10,5.558647133569002,0.666259777766119,0.5372393205227413,0.3869531287269905,1
28,21,2.5436893203883497,10,5.518679915684678,0.6431486953317673,0.5408888009744818,0.39913691971026116,1
29,29,2.504854368932039,10,5.59970698811294,0.6022282485906576,0.502079478588498,0.3607237275616841,1
30,19,2.4563106796116503,10,5.757365857096547,0.7040539330662755,0.5985094542988476,0.501975402949308,1
31,15,2.5145631067961167,10,5.78973211089011,0.6061796771407775,0.5141007106767161,0.39601224831761683,1
32,18,2.5242718446601944,10,5.804268121181661,0.5843858215549256,0.4878226252529911,0.30952797720817793,1
33,18,2.436893203883495,10,5.7465895200680635,0.6563192014382697,0.54272790301784,0.4330550837957728,1
34,20,2.4757281553398056,10,5.732044732844004,0.6300096337458068,0.49693881195679146,0.3784252048378946,1
35,26,2.4854368932038833,10,5.699498296734156,0.6630962716242143,0.564934840581936,0.4439124521295123,1
36,24,2.466019417475728,10,5.708461619413399,0.6114064802412239,0.5350473061034298,0.36203455366888654,1
37,22,2.4757281553398056,10,5.768950822361069,0.5773840664409847,0.456740685853631,0.32015966802647694,1
38,14,2.5145631067961167,10,5.865085790563904,0.638691575482695,0.5125361302631568,0.3749444381643676,1
39,13,2.495145631067961,10,5.825227813666358,0.6831303872728197,0.556637068094314,0.45389772801747336,1
40,13,2.4174757281553396,10,5.9301357171260625,0.6561643804257653,0.5243558835544055,0.41880417124491676,1
41,15,2.3883495145631066,10,5.825238461057524,0.6459152764477282,0.5521526453400792,0.3904320976396316,1
42,12,2.436893203883495,10,5.928433388648626,0.6718837227126028,0.5451505068436355,0.4195920081817011,1
43,19,2.436893203883495,10,5.90629317499355,0.6529174649627366,0.5178001729100425,0.3508440747646768,1
44,9,2.3883495145631066,10,5.820655114117448,0.6731485295499623,0.5404008607366536,0.4174864226525806,1
45,13,2.4757281553398056,10,5.766733865952374,0.6890713184831994,0.5594578488307835,0.4282657987974419,1
46,8,2.4563106796116503,10,5.766845288977023,0.6856225243307001,0.546629602626595,0.41636294122601786,1
47,14,2.504854368932039,10,5.746431028522076,0.6985167847687765,0.5822530854890452,0.4490697388529086,1
48,11,2.4174757281553396,10,5.82428630347548,0.6713600343948474,0.5723228168091566,0.46360566057008473,1
49,21,2.436893203883495,10,5.794055559167581,0.649743420530551,0.5635028861272058,0.4294435676710146,1
50,7,2.3592233009708736,10,5.897222558342,0.7209002342706724,0.5722726274407476,0.4575629191958679,1
51,6,2.4271844660194173,10,5.918158697480455,0.7061287915808581,0.5946766648840691,0.4612485696494084,1
52,13,2.3883495145631066,10,5.952945943730253,0.7026054484151489,0.5818546944859686,0.45352790099012585,1
53,13,2.407766990291262,10,5.806679689741678,0.7061111855485971,0.566796135377959,0.42432084330662767,1
54,11,2.4271844660194173,10,5.889972403139612,0.63536559103237,0.5216502078837166,0.39472408701929834,1
55,8,2.4174757281553396,10,5.8975242561092545,0.6891227046770567,0.5526615773942786,0.4150795836707853,1
56,12,2.4854368932038833,10,5.929342992544477,0.692735400452386,0.5558973452515715,0.4096587475424935,1
57,11,2.407766990291262,10,5.849164335007525,0.7298367876795624,0.6206291618576464,0.4936862271776959,1
58,10,2.3980582524271843,10,5.9443373704293405,0.6445103879096182,0.5053064060034522,0.3844089642418795,1
59,8,2.436893203883495,10,5.8889322664753525,0.6658229897390802,0.5273684492383901,0.4097653975497791,1
60,8,2.407766990291262,10,5.960154480634316,0.7357918337582576,0.6148984703030927,0.473206113463599,1
61,7,2.3689320388349513,10,5.91342422142038,0.6709654493682842,0.5192343983611305,0.3584654914049305,1
62,8,2.3980582524271843,10,5.93536177372043,0.7169807201157118,0.581801138758129,0.4906229040725761,1
63,10,2.3980582524271843,10,5.874789688773723,0.6970601575209169,0.5602879878749765,0.4563170297979111,1
64,8,2.3980582524271843,10,6.076097802249086,0.7186187930414258,0.5965005993344273,0.4662676255233508,1
65,11,2.466019417475728,10,5.999417034311192,0.6829386389831122,0.5505341465211553,0.4129070250095996,1
66,6,2.407766990291262,10,5.95711062529985,0.6710461324233045,0.5328126160474943,0.43184662761566933,1
67,7,2.4466019417475726,10,5.889277537048812,0.6988624059707115,0.57707506119586,0.4558765652845676,1
68,8,2.3980582524271843,10,5.908345821080886,0.7194255520642941,0.5755694304112299,0.4471696116957574,1
69,7,2.4271844660194173,10,6.067404968852899,0.7211759242684782,0.5662489174084353,0.445200318010224,1
70,9,2.3980582524271843,10,5.985007314368108,0.6865094867811768,0.5670293119660152,0.4501895553787854,1
71,8,2.4466019417475726,10,5.9974378776435,0.7086173396023332,0.5530253254172286,0.42632728376379425,1
72,10,2.3883495145631066,10,5.942580226102159,0.7161963352380146,0.5596359307529872,0.42030170271548656,1
73,3,2.378640776699029,10,6.113704795604328,0.6831572390195081,0.564432935468911,0.44849941090489104,1
74,7,2.3883495145631066,10,6.072018749818348,0.6775428305363537,0.5325104101849844,0.37398984847601807,1
75,5,2.3689320388349513,10,5.932578818036446,0.6784641397732738,0.5398092992981024,0.40929284222522344,1
76,8,2.3689320388349513,10,6.028964036122942,0.7166709626053512,0.5653801984484739,0.4366748195790331,1
77,5,2.378640776699029,10,6.097390388124441,0.6856041864832786,0.5346182419119309,0.40268748616944094,1
78,3,2.378640776699029,10,5.9541468037557745,0.7211784318520356,0.5792959624961678,0.47923310521923634,1
79,5,2.3592233009708736,10,6.073440959905687,0.693451320865612,0.5485990639682742,0.4215406602972776,1
80,5,2.3689320388349513,10,6.038493078389065,0.7210810745192022,0.5744141910927028,0.4515952924596965,1
81,6,2.407766990291262,10,6.051681417157596,0.7061687359586503,0.5245973051339955,0.39317053757344084,1
82,5,2.3689320388349513,10,5.96485650449897,0.724769238947806,0.5553006556889952,0.42501294139057794,1
83,3,2.3592233009708736,10,5.961040299987246,0.7324204547663755,0.6119288957710849,0.48478499860867885,1
84,2,2.3689320388349513,10,6.048108396686522,0.7235899080450052,0.5975921136681314,0.48860480321603444,1
85,4,2.3689320388349513,10,6.022052587044239,0.7011146273248858,0.5746452347791452,0.45576422201142014,1
86,7,2.378640776699029,10,5.998278181200778,0.681898584891467,0.5260524002612065,0.4017515053579978,1
87,2,2.349514563106796,10,6.049906202623981,0.6931314965525773,0.5419407230143035,0.42408738716639105,1
88,9,2.349514563106796,10,6.124918936949242,0.730320834603311,0.5848152885100156,0.45643316808618034,1
89,4,2.3689320388349513,10,5.97796059811644,0.7103157976404714,0.5442736192085401,0.4048786113220537,1
