,Num_Local_Max,Mean_Distance,Var_Distance,Max_Distance,Type
0,61,4.9,2.256666666666667,8,Dot
1,58,4.280701754385965,2.4124345952600796,7,Dot
2,57,4.678571428571429,2.003826530612245,9,Dot
3,57,4.625,1.7700892857142858,8,Dot
4,57,4.785714285714286,2.239795918367347,8,Dot
5,41,4.475,1.8493750000000002,7,Dot
6,35,4.176470588235294,1.9100346020761245,7,Dot
7,43,4.5476190476190474,1.8191609977324261,7,Dot
8,37,4.333333333333333,2.2777777777777772,7,Dot
9,41,4.775,1.9243750000000002,8,Dot
10,22,3.7142857142857144,0.870748299319728,5,Dot
11,26,4.84,1.3343999999999996,7,Dot
12,26,4.92,1.3536000000000001,7,Dot
13,31,4.966666666666667,1.8988888888888886,8,Dot
14,25,4.625,1.8177083333333333,7,Dot
15,21,4.65,2.4274999999999998,7,Dot
16,18,4.352941176470588,2.1107266435986163,7,Dot
17,17,4.4375,2.49609375,8,Dot
18,16,4.6,2.373333333333333,7,Dot
19,17,4.3125,1.83984375,7,Dot
20,16,4.333333333333333,1.5555555555555558,6,Dot
21,12,4.909090909090909,2.991735537190083,8,Dot
22,11,4.4,1.04,6,Dot
23,13,4.333333333333333,2.2222222222222228,8,Dot
24,20,4.315789473684211,2.53185595567867,7,Dot
25,11,5.5,2.25,8,Dot
26,10,5.0,1.1111111111111112,7,Dot
27,8,4.857142857142857,1.836734693877551,6,Dot
28,7,4.333333333333333,0.8888888888888888,6,Dot
29,9,4.25,0.4375,5,Dot
30,10,3.7777777777777777,2.3950617283950617,6,Dot
31,5,5.25,0.1875,6,Dot
32,7,4.5,1.5833333333333333,7,Dot
33,13,5.083333333333333,2.409722222222222,7,Dot
34,9,4.5,1.5,6,Dot
35,3,4.0,1.0,5,Dot
36,9,4.0,1.25,5,Dot
37,11,4.1,1.2899999999999998,6,Dot
38,12,4.636363636363637,1.5041322314049586,7,Dot
39,12,4.2727272727272725,1.2892561983471074,7,Dot
40,4,4.0,0.6666666666666666,5,Dot
41,7,4.166666666666667,2.4722222222222223,6,Dot
42,4,3.3333333333333335,0.22222222222222224,4,Dot
43,4,5.666666666666667,0.22222222222222224,6,Dot
44,10,5.0,2.4444444444444446,8,Dot
45,58,4.771929824561403,2.0006155740227762,7,Dot
46,64,4.857142857142857,1.8367346938775508,8,Dot
47,65,4.484375,1.281005859375,8,Dot
48,61,4.6,2.5066666666666673,9,Dot
49,53,4.461538461538462,2.094674556213018,8,Dot
50,42,4.439024390243903,1.4657941701368233,7,Dot
51,46,5.088888888888889,2.392098765432098,8,Dot
52,39,4.394736842105263,1.9757617728531855,8,Dot
53,47,4.260869565217392,1.7580340264650278,7,Dot
54,45,4.5227272727272725,2.3858471074380163,8,Dot
55,17,4.0,1.625,7,Dot
56,25,3.875,1.6927083333333333,6,Dot
57,38,4.891891891891892,1.7180423666910152,7,Dot
58,31,4.433333333333334,1.2455555555555549,7,Dot
59,34,4.909090909090909,1.1735537190082646,7,Dot
60,26,4.56,1.4464000000000001,8,Dot
61,17,4.1875,2.77734375,7,Dot
62,22,4.666666666666667,2.0317460317460325,7,Dot
63,21,4.3,3.0100000000000002,8,Dot
64,18,4.235294117647059,2.8858131487889276,8,Dot
65,13,4.916666666666667,3.0763888888888893,8,Dot
66,19,4.5,2.8055555555555554,8,Dot
67,19,4.166666666666667,3.0277777777777772,7,Dot
68,19,4.555555555555555,1.691358024691358,7,Dot
69,21,5.0,1.4,7,Dot
70,15,5.0,0.8571428571428571,6,Dot
71,5,5.25,1.6875,7,Dot
72,12,4.7272727272727275,2.7438016528925617,8,Dot
73,13,4.916666666666667,3.0763888888888893,7,Dot
74,17,4.25,1.5625,7,Dot
75,4,3.6666666666666665,0.8888888888888888,5,Dot
76,5,5.0,1.0,6,Dot
77,6,5.0,1.6,7,Dot
78,9,4.125,1.109375,6,Dot
79,8,5.0,1.1428571428571428,6,Dot
80,7,5.333333333333333,0.5555555555555556,6,Dot
81,8,5.285714285714286,2.4897959183673466,7,Dot
82,5,4.0,0.5,5,Dot
83,5,4.25,1.1875,6,Dot
84,7,4.0,2.6666666666666665,7,Dot
85,5,4.5,0.25,5,Dot
86,4,4.333333333333333,1.5555555555555554,6,Dot
87,2,5.0,0.0,5,Dot
88,5,4.5,1.25,6,Dot
89,5,5.25,1.6875,7,Dot
