,Number_Maxima,Average_Distance_Percentile_90,Max-Min_Steps,Normalized_MinMax_Fit_Diff,Autocorrelation_step_size_1,Autocorrelation_step_size_2,Autocorrelation_step_size_3,Type
0,2,3.4466019417475726,6,5.276674645040727,0.7445350918498417,0.5727992711357155,0.42624843096543213,Kauffman
1,1,2.6699029126213594,7,5.651103361488206,0.7883358038273807,0.6177265137963035,0.4921761196750789,Kauffman
2,6,3.504854368932039,5,5.616276301516637,0.7196022289873226,0.5014937240570813,0.3553156241170239,Kauffman
3,4,3.2135922330097086,6,4.913580332301961,0.791125474226349,0.6458619311543837,0.5340728864693282,Kauffman
4,8,3.3106796116504853,6,6.080421479708,0.697655842741228,0.5250109336510381,0.42135590108034454,Kauffman
5,6,3.145631067961165,6,5.796612110520068,0.7430298831440796,0.5654482347091642,0.46265484280398855,Kauffman
6,4,4.12621359223301,7,5.681217701959748,0.6831503769247275,0.44292364387150923,0.26736603354568145,Kauffman
7,2,3.0097087378640777,6,5.9350992808858525,0.7150921333270973,0.5069309515283122,0.38414846632004956,Kauffman
8,12,3.4563106796116503,6,6.105489347413808,0.6654451672876597,0.48479105269908707,0.35964407776564583,Kauffman
9,2,2.912621359223301,8,5.521728495325907,0.7604545477360727,0.5933281137586409,0.48333826050381,Kauffman
10,6,3.9902912621359223,7,5.781755806204824,0.6581143824975705,0.460490260484995,0.33687027983154405,Kauffman
11,7,3.8349514563106797,7,5.744885716727321,0.6776355463802389,0.4806407538281379,0.35755029176414577,Kauffman
12,8,4.048543689320389,5,6.1415215161195755,0.6292191119485766,0.4178188988112696,0.2924223433806705,Kauffman
13,8,4.019417475728155,6,6.090122529994566,0.6810914547018878,0.48065563776599163,0.3243069776357227,Kauffman
14,9,3.6990291262135924,7,5.996136518909405,0.6673764316649826,0.46198700294658734,0.32293449715015976,Kauffman
15,9,4.223300970873787,6,5.3320630287012465,0.6545523073623487,0.46429886158595596,0.3470079597573326,Kauffman
16,12,3.737864077669903,3,5.769562121422255,0.6083933516485324,0.41477106652794504,0.30501813617225065,Kauffman
17,9,4.029126213592233,6,5.818696555856604,0.6927898159744207,0.5109486700344027,0.3877556230129369,Kauffman
18,12,4.757281553398058,4,6.124633013583385,0.6190084560669475,0.3506922012853955,0.2199920779302638,Kauffman
19,11,4.330097087378641,5,5.311629667759299,0.5736344733561494,0.3145179486097008,0.2111388406386694,Kauffman
20,19,4.048543689320389,6,6.000470726105406,0.5549466061835993,0.3574939020672749,0.2592309894582129,Kauffman
21,11,4.844660194174757,8,5.193237264947053,0.5796079300149175,0.3631967993767365,0.2055108706305436,Kauffman
22,18,3.970873786407767,5,5.579011702269304,0.5272512996415875,0.3318404137878717,0.2224069822654027,Kauffman
23,14,3.621359223300971,9,5.897989712395184,0.5778577082572016,0.4026557384030294,0.29554419820280586,Kauffman
24,15,4.0,6,5.970162478228757,0.592073648926383,0.3772395216358617,0.28551981871129,Kauffman
25,19,4.572815533980583,3,6.196001222380954,0.5715832051301615,0.3636537668818383,0.20157097661220674,Kauffman
26,14,3.6116504854368934,3,6.1493682897606226,0.5492843249171258,0.32326940931699694,0.2091916449405723,Kauffman
27,11,4.145631067961165,4,5.538182795371716,0.6599837553184585,0.4309543611638718,0.27766126389634244,Kauffman
28,21,4.12621359223301,7,6.2474371351809,0.539181031195833,0.34510483807334497,0.2623135317096973,Kauffman
29,16,4.572815533980583,5,6.011367614213769,0.5074350590343591,0.29964946949043286,0.22242736395474186,Kauffman
30,27,4.330097087378641,2,5.975083554609483,0.41391876005439615,0.21294952402752848,0.0834794186069077,Kauffman
31,27,4.679611650485437,3,5.852540161603351,0.4512791334321828,0.3018205286144093,0.20745328540982744,Kauffman
32,26,5.194174757281553,4,5.942598425005798,0.4383061726041086,0.23643839501773117,0.13512061299505465,Kauffman
33,17,4.951456310679611,5,6.324650233308153,0.5567089239463139,0.3513885975014183,0.25563855885210995,Kauffman
34,30,4.572815533980583,5,5.604447076726098,0.44828897901228765,0.2754031016721738,0.19866069496061745,Kauffman
35,30,4.077669902912621,7,6.287960781243546,0.5454089405904119,0.3595679038218228,0.2787995876569748,Kauffman
36,28,4.776699029126213,5,6.431003265534849,0.5249258297046754,0.3202881774267881,0.18968324265609213,Kauffman
37,21,4.650485436893204,6,5.840446245461454,0.49880134720285313,0.3574485423594401,0.21425526237310333,Kauffman
38,24,4.41747572815534,5,5.967718881768561,0.5198634675988455,0.2977978726321289,0.17132934835282448,Kauffman
39,21,4.223300970873787,5,6.080392682568225,0.4880263512846011,0.28674397332938956,0.17813566576785012,Kauffman
40,35,5.223300970873787,6,5.688513317786178,0.45836225338894865,0.2615511632621916,0.13566237947814763,Kauffman
41,35,4.834951456310679,5,6.150839551792617,0.36914745623504874,0.15150858149339005,0.021887281330480523,Kauffman
42,29,4.961165048543689,7,6.733371515538074,0.36779939929198413,0.1685564534962191,0.08083370231382361,Kauffman
43,31,5.087378640776699,5,6.033128575394751,0.4194766981339042,0.24340691631549016,0.08968527825275052,Kauffman
44,32,4.310679611650485,7,5.335383833710641,0.47935618611326924,0.2720168916204429,0.13927873148761885,Kauffman
45,40,4.912621359223301,7,6.064283914676501,0.3871655453709178,0.2188393999377049,0.13235808324262394,Kauffman
46,36,4.533980582524272,4,6.0444961647561115,0.44133444345238987,0.2203959444537841,0.11892172859045759,Kauffman
47,37,4.475728155339806,7,5.701405598631258,0.4229785806340005,0.24507521963173864,0.15956727796385153,Kauffman
48,42,4.58252427184466,7,6.291441420164911,0.41021933537739536,0.1888172310543053,0.05857263688055619,Kauffman
49,22,4.825242718446602,7,6.290608922302891,0.41114105755757535,0.1909472385394316,0.10793420483866172,Kauffman
50,48,4.563106796116505,9,5.764210841892266,0.3069546434998985,0.17894949032449023,0.05468278536506542,Kauffman
51,52,4.563106796116505,5,6.302700841787379,0.3224356673654776,0.22211767735430019,0.15631181115549186,Kauffman
52,46,5.097087378640777,6,6.20589138028757,0.227174402536206,0.09638222219010027,0.05398889432586397,Kauffman
53,49,4.699029126213592,8,5.965995476225756,0.25968069139162747,0.13336601289839847,0.061775911707508346,Kauffman
54,47,4.689320388349515,3,6.302616008852549,0.22559180835359294,0.157713007899685,0.06600341881126458,Kauffman
55,49,4.844660194174757,4,6.312700404800208,0.2911229315597297,0.1352114776321863,0.038006365009583716,Kauffman
56,47,4.805825242718447,4,6.062126459162079,0.29109691375297414,0.15171134377126508,0.07706707139566768,Kauffman
57,42,4.883495145631068,4,6.1696167453366035,0.3225669931608763,0.18161749015203266,0.0950035295613112,Kauffman
58,47,4.611650485436893,6,6.2467924566273405,0.30393883545381556,0.17322063376433144,0.08781671524371869,Kauffman
59,49,4.699029126213592,4,6.516527184397572,0.3065305454834583,0.16126017136479742,0.05595774373764343,Kauffman
60,64,4.786407766990291,6,6.098940313149245,0.1612976897285586,0.11673218431672337,0.038938500952080846,Kauffman
61,64,4.932038834951456,4,5.767952980370286,0.2148189498495887,0.10544666175166002,0.0498031412961206,Kauffman
62,62,4.504854368932039,8,6.208883042308246,0.19973360665849588,0.13070394830567245,0.09070511980266607,Kauffman
63,58,4.766990291262136,4,6.606906438710563,0.17551957295365211,0.08856109194222998,0.05135221047875377,Kauffman
64,69,4.87378640776699,2,5.564062712484258,0.11525850240840697,0.08450515569328622,-0.01951359787348942,Kauffman
65,67,4.922330097087379,4,6.177620789781777,0.1447809557229451,0.133533036287023,0.06254566491364102,Kauffman
66,64,4.961165048543689,4,6.192826834975386,0.16658562700918297,0.11518456412399099,0.09122650202995483,Kauffman
67,59,4.718446601941747,3,6.1583599405856795,0.17556700680028403,0.03281244502820246,0.026757915037031076,Kauffman
68,63,4.718446601941747,6,6.358919840360947,0.18675487364113053,0.13738961023535629,0.06198550099470805,Kauffman
69,63,4.495145631067961,2,5.74979287375452,0.17881645372593438,0.11566183121518907,0.06157373464714626,Kauffman
70,79,4.621359223300971,2,6.229373534046973,0.10362063704227095,0.12529332460747092,0.026951203718120622,Kauffman
71,75,5.019417475728155,6,6.76657755397827,0.0685973581756017,0.04164789950174158,0.03247699394157615,Kauffman
72,77,4.912621359223301,4,6.871847765838434,0.09092365000874138,0.10641148655857015,0.0535122797104983,Kauffman
73,77,4.805825242718447,5,5.712878701219966,0.04233629450117806,0.05937448488237495,0.05152218325335618,Kauffman
74,78,4.893203883495145,2,6.310868451887382,0.05706696755885444,0.03672483951262683,0.004702351076126943,Kauffman
75,80,4.951456310679611,3,6.374323613328999,0.09767262619398932,0.1106900101079585,0.0317757639369477,Kauffman
76,76,5.019417475728155,6,5.62875840486677,0.11514335179148208,0.12526698046438092,-0.030405181823670704,Kauffman
77,81,4.932038834951456,5,5.7763414323516615,0.028940239750600904,0.12623939982529409,-0.032350324154860305,Kauffman
78,71,5.116504854368932,4,6.132493231034918,0.06145785378302604,0.11441426891788746,0.0879900963127857,Kauffman
79,84,5.009708737864078,6,5.7899105469005425,0.11035396462431682,0.06475686213307144,0.03289794473797064,Kauffman
80,88,5.048543689320389,6,6.519887497215471,-0.009530375480027055,0.13442394877034547,0.0474283085667452,Kauffman
81,94,5.038834951456311,6,6.216908025257347,0.000740840822019932,0.06711337806117622,-0.042865705605939365,Kauffman
82,98,5.038834951456311,9,6.6251150652918795,0.04944227624679561,0.09172027305193688,-0.020261365169285978,Kauffman
83,87,5.145631067961165,7,6.1572267673164385,0.07081886804368073,0.1427074021133579,0.008655168233642176,Kauffman
84,93,4.737864077669903,5,6.001602187356072,0.024754200567220334,0.1170382259452948,-0.029007093953186066,Kauffman
85,83,5.009708737864078,5,6.072832158223492,-0.017243766877765753,0.0978296568924754,-0.013123543775021292,Kauffman
86,96,5.155339805825243,6,5.7725985578500945,-0.02403181216668592,0.0959697973261205,-0.00723882831276269,Kauffman
87,84,5.174757281553398,6,5.8787719763949635,0.04579159748930374,0.0293144088368184,-0.09711250681938942,Kauffman
88,84,4.893203883495145,4,6.540460574480844,0.016094995558067433,0.12540786032753884,0.0009824875749964862,Kauffman
89,100,4.980582524271845,7,6.204925024266843,0.001990673096104555,0.09969083160988913,0.005378353955853893,Kauffman
