,Num_Local_Max,Mean_Distance,Var_Distance,Max_Distance,Type
0,2,4.0,0.0,4,Kauffman
1,3,3.5,2.25,5,Kauffman
2,2,2.0,0.0,2,Kauffman
3,2,2.0,0.0,2,Kauffman
4,2,2.0,0.0,2,Kauffman
5,6,5.8,4.5600000000000005,9,Kauffman
6,6,6.0,3.2,8,Kauffman
7,11,4.5,1.25,6,Kauffman
8,11,4.4,3.44,8,Kauffman
9,6,4.0,2.8,6,Kauffman
10,14,5.153846153846154,3.6686390532544375,8,Kauffman
11,9,5.375,2.984375,8,Kauffman
12,14,4.461538461538462,4.2485207100591715,8,Kauffman
13,11,4.9,3.8899999999999997,9,Kauffman
14,20,4.842105263157895,1.185595567867036,7,Kauffman
15,24,4.478260869565218,2.6843100189035916,8,Kauffman
16,25,5.083333333333333,1.9930555555555556,7,Kauffman
17,19,5.277777777777778,2.42283950617284,8,Kauffman
18,25,4.833333333333333,2.8055555555555554,8,Kauffman
19,23,5.636363636363637,3.049586776859505,8,Kauffman
20,34,4.909090909090909,3.052341597796143,9,Kauffman
21,31,5.166666666666667,1.805555555555556,8,Kauffman
22,35,4.882352941176471,1.456747404844291,7,Kauffman
23,37,5.222222222222222,1.839506172839506,8,Kauffman
24,32,5.032258064516129,2.0957336108220606,8,Kauffman
25,58,4.807017543859649,3.41889812249923,10,Kauffman
26,53,4.673076923076923,2.181582840236686,8,Kauffman
27,46,5.022222222222222,1.7550617283950616,8,Kauffman
28,50,5.448979591836735,2.5331112036651398,10,Kauffman
29,51,5.1,2.05,8,Kauffman
30,58,4.947368421052632,2.225300092336104,8,Kauffman
31,59,5.155172413793103,1.9241973840665876,8,Kauffman
32,61,5.166666666666667,2.5055555555555555,9,Kauffman
33,56,4.963636363636364,2.0350413223140498,9,Kauffman
34,66,5.046153846153846,2.2594082840236687,9,Kauffman
35,88,4.942528735632184,2.169110846875413,9,Kauffman
36,73,5.097222222222222,2.28221450617284,10,Kauffman
37,81,4.875,2.509375,9,Kauffman
38,85,5.059523809523809,2.079790249433106,9,Kauffman
39,78,5.233766233766234,2.5167819193793224,8,Kauffman
40,96,4.968421052631579,2.2411080332409976,9,Kauffman
41,93,4.891304347826087,2.0968809073724013,7,Kauffman
42,95,4.925531914893617,2.5795608872793125,10,Kauffman
43,83,4.987804878048781,2.2315585960737656,8,Kauffman
44,97,5.03125,2.8219401041666665,9,Kauffman
45,4,5.333333333333333,4.222222222222222,8,Kauffman
46,6,4.4,5.4399999999999995,8,Kauffman
47,6,4.6,4.24,8,Kauffman
48,4,3.3333333333333335,1.5555555555555554,5,Kauffman
49,2,4.0,0.0,4,Kauffman
50,6,4.8,4.5600000000000005,8,Kauffman
51,9,5.25,5.4375,10,Kauffman
52,0,0.0,0.0,0,Kauffman
53,3,5.0,1.0,6,Kauffman
54,3,3.5,2.25,5,Kauffman
55,6,4.6,4.24,8,Kauffman
56,3,4.5,2.25,6,Kauffman
57,5,5.0,5.0,8,Kauffman
58,5,3.5,0.75,4,Kauffman
59,12,5.181818181818182,5.239669421487604,9,Kauffman
60,4,2.6666666666666665,0.8888888888888888,4,Kauffman
61,4,2.6666666666666665,0.8888888888888888,4,Kauffman
62,18,4.823529411764706,3.674740484429066,8,Kauffman
63,15,4.571428571428571,3.3877551020408148,8,Kauffman
64,24,4.739130434782608,2.7145557655954633,7,Kauffman
65,18,4.470588235294118,1.778546712802768,7,Kauffman
66,15,4.5,2.6785714285714284,8,Kauffman
67,23,5.0,2.6363636363636362,8,Kauffman
68,28,4.962962962962963,2.2578875171467763,7,Kauffman
69,33,5.03125,2.6552734375,9,Kauffman
70,21,5.35,3.3275000000000006,9,Kauffman
71,31,5.266666666666667,2.128888888888889,7,Kauffman
72,35,5.029411764705882,2.4991349480968856,8,Kauffman
73,33,5.3125,1.52734375,8,Kauffman
74,28,5.444444444444445,2.9876543209876547,9,Kauffman
75,38,4.72972972972973,2.6837107377647915,10,Kauffman
76,34,5.121212121212121,2.773186409550046,8,Kauffman
77,39,5.078947368421052,1.3885041551246537,8,Kauffman
78,39,5.052631578947368,2.2077562326869806,9,Kauffman
79,45,4.9772727272727275,2.476756198347107,8,Kauffman
80,46,5.6,3.04,8,Kauffman
81,38,5.027027027027027,2.2425127830533236,8,Kauffman
82,68,5.268656716417911,2.196480285141457,9,Kauffman
83,59,4.948275862068965,2.6352556480380502,9,Kauffman
84,62,5.131147540983607,2.3434560601988714,10,Kauffman
85,60,5.1525423728813555,2.9428325193909797,10,Kauffman
86,53,4.961538461538462,2.421597633136095,8,Kauffman
87,72,4.859154929577465,2.0083316802221782,9,Kauffman
88,73,4.902777777777778,2.4211033950617287,9,Kauffman
89,77,4.947368421052632,2.4709141274238235,9,Kauffman
90,78,5.012987012987013,2.1946365322988703,9,Kauffman
91,78,4.883116883116883,2.103221453870804,8,Kauffman
92,95,5.01063829787234,2.287120869171571,9,Kauffman
93,93,4.989130434782608,1.989012287334593,8,Kauffman
94,92,5.021978021978022,2.3731433401763073,8,Kauffman
95,102,4.792079207920792,2.263699637290462,8,Kauffman
96,102,5.118811881188119,2.5007352220370556,9,Kauffman
97,2,4.0,0.0,4,Kauffman
98,3,3.0,1.0,4,Kauffman
99,2,4.0,0.0,4,Kauffman
100,3,3.5,2.25,5,Kauffman
101,2,2.0,0.0,2,Kauffman
102,8,4.0,2.2857142857142856,6,Kauffman
103,8,4.857142857142857,2.122448979591837,7,Kauffman
104,4,5.333333333333333,0.22222222222222224,6,Kauffman
105,8,4.428571428571429,3.3877551020408165,8,Kauffman
106,8,3.7142857142857144,2.7755102040816326,6,Kauffman
107,20,4.7894736842105265,2.587257617728532,8,Kauffman
108,18,5.294117647058823,3.6193771626297577,8,Kauffman
109,17,4.8125,3.15234375,7,Kauffman
110,16,4.666666666666667,2.0888888888888895,7,Kauffman
111,22,4.476190476190476,3.0113378684807253,8,Kauffman
112,25,5.041666666666667,2.7065972222222228,8,Kauffman
113,31,5.333333333333333,2.0222222222222217,9,Kauffman
114,24,5.0,1.6521739130434783,8,Kauffman
115,30,5.068965517241379,2.615933412604043,8,Kauffman
116,23,4.818181818181818,1.4214876033057848,7,Kauffman
117,30,5.241379310344827,1.769322235434007,8,Kauffman
118,38,5.054054054054054,1.9430241051862673,8,Kauffman
119,36,4.742857142857143,2.2481632653061223,8,Kauffman
120,24,5.173913043478261,2.491493383742911,9,Kauffman
121,35,5.382352941176471,1.883217993079585,9,Kauffman
122,47,5.1521739130434785,2.7811909262759924,10,Kauffman
123,52,4.921568627450981,2.5036524413687045,9,Kauffman
124,48,5.042553191489362,2.083295608872793,8,Kauffman
125,49,4.9375,1.68359375,8,Kauffman
126,50,5.122448979591836,1.9850062473969179,9,Kauffman
127,69,5.25,2.3933823529411766,9,Kauffman
128,61,5.15,1.7275,8,Kauffman
129,65,4.828125,1.923583984375,7,Kauffman
130,66,5.123076923076923,2.1386982248520705,9,Kauffman
131,71,4.8,2.302857142857142,8,Kauffman
132,85,4.940476190476191,1.8178854875283454,8,Kauffman
133,75,5.121621621621622,2.2149379108838567,8,Kauffman
134,77,5.2105263157894735,2.192520775623269,10,Kauffman
135,81,5.1125,2.59984375,9,Kauffman
136,81,5.05,2.1475,8,Kauffman
137,93,4.891304347826087,2.1620982986767485,9,Kauffman
138,91,4.955555555555556,2.5535802469135804,8,Kauffman
139,91,5.133333333333334,2.3377777777777777,9,Kauffman
140,91,5.133333333333334,2.0711111111111107,9,Kauffman
141,101,5.06,2.1564,8,Kauffman
